8021.0-[(0,11), (1,11)]-(11)
9220.0-[(0,11)]-(11)
5699.0-[(0,12), (1,12)]-(12)
10444.0-[(0,12)]-(33)
28331.0-[(0,12)]-(12)
5021.0-[(0,13), (1,13)]-(13)
5507.0-[(0,13)]-(13)
7198.0-[(0,14)]-(14)
11752.0-[(0,17), (1,17)]-(17)
11011.0-[(0,17)]-(17)
7190.0-[(0,20)]-(20)
22768.0-[(0,22), (1,22)]-(22)
21239.0-[(0,22)]-(22)
5338.0-[(0,23), (1,23)]-(23)
7021.0-[(0,23)]-(23)
27669.0-[(0,27), (1,27)]-(27)
30086.0-[(0,27)]-(27)
7518.0-[(0,31), (1,31)]-(31)
7034.0-[(0,31)]-(31)
5712.0-[(0,32)]-(32)
23207.0-[(0,33), (1,33)]-(33)
64296.0-[(0,33)]-(33)
10354.0-[(0,33)]-(12)
8136.0-[(0,11), (1,11), (2,11)]-(11)
6166.0-[(0,11), (1,11), (2,11), (3,11)]-(11)
7514.0-[(0,17), (1,17), (2,17), (3,17)]-(17)
11479.0-[(0,17), (1,17), (2,17)]-(17)
12635.0-[(0,22), (1,22), (2,22), (3,22), (4,22)]-(22)
25659.0-[(0,22), (1,22), (2,22)]-(22)
20184.0-[(0,22), (1,22), (2,22), (3,22)]-(22)
32331.0-[(0,27), (1,27), (2,27)]-(27)
31651.0-[(0,27), (1,27), (2,27), (3,27)]-(27)
28532.0-[(0,27), (1,27), (2,27), (3,27), (4,27)]-(27)
5922.0-[(0,31), (1,31), (2,31), (3,31)]-(31)
7398.0-[(0,31), (1,31), (2,31)]-(31)
10962.0-[(0,33), (1,33), (2,33)]-(33)
