25.0-[(0,28), (1,28)]-(4)	327
25.0-[(0,28), (1,28)]-(4)	2890
25.0-[(0,28), (1,28)]-(4)	7691
25.0-[(0,28), (1,28)]-(4)	3598
25.0-[(0,28), (1,28)]-(4)	6094
25.0-[(0,28), (1,28)]-(4)	3667
25.0-[(0,28), (1,28)]-(4)	3795
25.0-[(0,28), (1,28)]-(4)	27551
25.0-[(0,28), (1,28)]-(4)	32
25.0-[(0,28), (1,28)]-(4)	40546
25.0-[(0,28), (1,28)]-(4)	37666
25.0-[(0,28), (1,28)]-(4)	40547
25.0-[(0,28), (1,28)]-(4)	1957
25.0-[(0,28), (1,28)]-(4)	1511
25.0-[(0,28), (1,28)]-(4)	7017
25.0-[(0,28), (1,28)]-(4)	7723
25.0-[(0,28), (1,28)]-(4)	61803
25.0-[(0,28), (1,28)]-(4)	14254
25.0-[(0,28), (1,28)]-(4)	2543
25.0-[(0,28), (1,28)]-(4)	1712
25.0-[(0,28), (1,28)]-(4)	3760
25.0-[(0,28), (1,28)]-(4)	119
25.0-[(0,28), (1,28)]-(4)	60026
25.0-[(0,28), (1,28)]-(4)	3068
25.0-[(0,28), (1,28)]-(4)	5308
14.0-[(0,44), (1,44)]-(8)	41442
14.0-[(0,44), (1,44)]-(8)	81413
14.0-[(0,44), (1,44)]-(8)	709
14.0-[(0,44), (1,44)]-(8)	61990
14.0-[(0,44), (1,44)]-(8)	33510
14.0-[(0,44), (1,44)]-(8)	76205
14.0-[(0,44), (1,44)]-(8)	3788
14.0-[(0,44), (1,44)]-(8)	5261
14.0-[(0,44), (1,44)]-(8)	83570
14.0-[(0,44), (1,44)]-(8)	15925
14.0-[(0,44), (1,44)]-(8)	65303
14.0-[(0,44), (1,44)]-(8)	52539
14.0-[(0,44), (1,44)]-(8)	27387
14.0-[(0,44), (1,44)]-(8)	7132
19.0-[(0,126), (1,126)]-(4)	14337
19.0-[(0,126), (1,126)]-(4)	30180
19.0-[(0,126), (1,126)]-(4)	1413
19.0-[(0,126), (1,126)]-(4)	7399
19.0-[(0,126), (1,126)]-(4)	3655
19.0-[(0,126), (1,126)]-(4)	329
19.0-[(0,126), (1,126)]-(4)	841
19.0-[(0,126), (1,126)]-(4)	15914
19.0-[(0,126), (1,126)]-(4)	21994
19.0-[(0,126), (1,126)]-(4)	4554
19.0-[(0,126), (1,126)]-(4)	3406
19.0-[(0,126), (1,126)]-(4)	3761
19.0-[(0,126), (1,126)]-(4)	1778
19.0-[(0,126), (1,126)]-(4)	14675
19.0-[(0,126), (1,126)]-(4)	2004
19.0-[(0,126), (1,126)]-(4)	13174
19.0-[(0,126), (1,126)]-(4)	19037
19.0-[(0,126), (1,126)]-(4)	381
19.0-[(0,126), (1,126)]-(4)	637
33.0-[(0,590), (1,590)]-(11)	30083
33.0-[(0,590), (1,590)]-(11)	46277
33.0-[(0,590), (1,590)]-(11)	9414
33.0-[(0,590), (1,590)]-(11)	9415
33.0-[(0,590), (1,590)]-(11)	27913
33.0-[(0,590), (1,590)]-(11)	27914
33.0-[(0,590), (1,590)]-(11)	38219
33.0-[(0,590), (1,590)]-(11)	35469
33.0-[(0,590), (1,590)]-(11)	33808
33.0-[(0,590), (1,590)]-(11)	33809
33.0-[(0,590), (1,590)]-(11)	40082
33.0-[(0,590), (1,590)]-(11)	31765
33.0-[(0,590), (1,590)]-(11)	17813
33.0-[(0,590), (1,590)]-(11)	17814
33.0-[(0,590), (1,590)]-(11)	48216
33.0-[(0,590), (1,590)]-(11)	53528
33.0-[(0,590), (1,590)]-(11)	46681
33.0-[(0,590), (1,590)]-(11)	39454
33.0-[(0,590), (1,590)]-(11)	34143
33.0-[(0,590), (1,590)]-(11)	46880
33.0-[(0,590), (1,590)]-(11)	24930
33.0-[(0,590), (1,590)]-(11)	32485
33.0-[(0,590), (1,590)]-(11)	43112
33.0-[(0,590), (1,590)]-(11)	10351
33.0-[(0,590), (1,590)]-(11)	35823
33.0-[(0,590), (1,590)]-(11)	17329
33.0-[(0,590), (1,590)]-(11)	40113
33.0-[(0,590), (1,590)]-(11)	40114
33.0-[(0,590), (1,590)]-(11)	35958
33.0-[(0,590), (1,590)]-(11)	25079
33.0-[(0,590), (1,590)]-(11)	32311
33.0-[(0,590), (1,590)]-(11)	25080
33.0-[(0,590), (1,590)]-(11)	23997
27.0-[(0,590), (1,590), (2,590)]-(11)	22912
27.0-[(0,590), (1,590), (2,590)]-(11)	30083
27.0-[(0,590), (1,590), (2,590)]-(11)	30084
27.0-[(0,590), (1,590), (2,590)]-(11)	49028
27.0-[(0,590), (1,590), (2,590)]-(11)	30085
27.0-[(0,590), (1,590), (2,590)]-(11)	32390
27.0-[(0,590), (1,590), (2,590)]-(11)	9415
27.0-[(0,590), (1,590), (2,590)]-(11)	13575
27.0-[(0,590), (1,590), (2,590)]-(11)	52040
27.0-[(0,590), (1,590), (2,590)]-(11)	37388
27.0-[(0,590), (1,590), (2,590)]-(11)	37389
27.0-[(0,590), (1,590), (2,590)]-(11)	36630
27.0-[(0,590), (1,590), (2,590)]-(11)	44249
27.0-[(0,590), (1,590), (2,590)]-(11)	46681
27.0-[(0,590), (1,590), (2,590)]-(11)	48222
27.0-[(0,590), (1,590), (2,590)]-(11)	23903
27.0-[(0,590), (1,590), (2,590)]-(11)	37152
27.0-[(0,590), (1,590), (2,590)]-(11)	19494
27.0-[(0,590), (1,590), (2,590)]-(11)	34345
27.0-[(0,590), (1,590), (2,590)]-(11)	24041
27.0-[(0,590), (1,590), (2,590)]-(11)	38122
27.0-[(0,590), (1,590), (2,590)]-(11)	47542
27.0-[(0,590), (1,590), (2,590)]-(11)	35958
27.0-[(0,590), (1,590), (2,590)]-(11)	47543
27.0-[(0,590), (1,590), (2,590)]-(11)	47160
27.0-[(0,590), (1,590), (2,590)]-(11)	47676
27.0-[(0,590), (1,590), (2,590)]-(11)	22911
